0,310
0,305
0,323
0,319
3,0
1,0
2,0
4,0
11104,0
11103,0
11102,0
11101,0
11100,0
11099,0
11098,0
11097,0
11096,0
11095,0
11094,0
11093,0
11092,0
11091,0
11090,0
11089,0
11088,0
11087,0
11086,0
11085,0
11084,0
11083,0
11082,0
11081,0
11080,0
11079,0
11078,0
11077,0
11076,0
11075,0
11074,0
11073,0
11072,0
11071,0
11070,0
11069,0
11068,0
11067,0
11066,0
11065,0
11064,0
11063,0
11062,0
11061,0
11060,0
11059,0
11058,0
11057,0
11056,0
11055,0
11054,0
11053,0
11052,0
11051,0
11050,0
11049,0
11048,0
11047,0
11046,0
11045,0
11044,0
11043,0
11042,0
11041,0
11040,0
11039,0
11038,0
11037,0
11036,0
11035,0
11034,0
11033,0
11032,0
11031,0
11030,0
11029,0
11028,0
11027,0
11026,0
11025,0
11024,0
11023,0
11022,0
11021,0
11020,0
11019,0
11018,0
11017,0
11016,0
11015,0
11014,0
11013,0
11012,0
11011,0
11010,0
11009,0
11008,0
11007,0
11006,0
11005,0
11004,0
11003,0
11002,0
11001,0
11000,0
10999,0
10998,0
10997,0
10996,0
10995,0
10994,0
10993,0
10992,0
10991,0
10990,0
10989,0
10988,0
10987,0
10986,0
10985,0
10984,0
10983,0
10982,0
10981,0
10980,0
10979,0
10978,0
10977,0
10976,0
10975,0
10974,0
10973,0
10972,0
10971,0
10970,0
10969,0
10968,0
10967,0
10966,0
10965,0
10964,0
10963,0
0,412
10962,0
10961,0
10960,0
10959,0
10958,0
10957,0
10956,0
10955,0
10954,0
10953,0
10952,0
10951,0
10950,0
10949,0
10948,0
10947,0
10946,0
10945,0
10944,0
10943,0
10942,0
10941,0
10940,0
10939,0
10938,0
10937,0
10936,0
10935,0
10934,0
10933,0
10932,0
10931,0
10930,0
10929,0
10928,0
10927,0
10926,0
10925,0
10924,0
10923,0
10922,0
10921,0
10920,0
10919,0
10918,0
10917,0
10916,0
10915,0
10914,0
10913,0
10912,0
10911,0
10910,0
10909,0
10908,0
10907,0
10906,0
10905,0
10904,0
10903,0
10902,0
10901,0
10900,0
10899,0
10898,0
10897,0
10896,0
10895,0
10894,0
10893,0
10892,0
10891,0
10890,0
10889,0
10888,0
10887,0
10886,0
10885,0
10884,0
10883,0
10882,0
10881,0
10880,0
10879,0
10878,0
10877,0
0,308
0,304
0,303
0,302
0,307
0,415
0,12
0,451
0,10
0,410
0,8
0,0
0,309
0,300
0,372
0,299
0,328
0,298
0,363
0,297
0,475
0,296
0,371
0,295
0,422
0,294
0,332
0,293
0,494
0,292
0,473
0,291
0,290
0,362
0,289
0,429
0,288
0,493
0,287
0,417
0,286
0,453
0,285
0,486
0,284
0,358
0,283
0,354
0,282
0,484
0,281
0,442
0,280
0,420
0,279
0,450
0,278
0,512
0,513
0,413
0,515
0,516
11086,1
0,423
11089,3
11089,1
2,17
11090,3
11009,3
2,18
2,19
2,20
10958,16
2,22
11038,1
2,23
10959,3
11028,8
11028,1
10941,1
10877,1
10878,3
10879,3
11094,3
11094,1
11091,1
10925,3
10937,3
10937,1
10963,1
10889,1
0,312
10979,1
11063,3
11070,3
11070,1
11063,1
10979,3
10889,3
10963,3
10925,1
11091,3
10879,1
10878,1
10877,3
10941,3
10959,1
10958,1
2,21
11038,12
11009,1
2,1
1,7
1,1
1,6
11086,3
0,514
11028,3
0,511
11022,1
0,505
11022,3
0,504
0,503
11021,1
0,502
11021,3
0,499
0,498
11017,1
0,497
11017,3
0,496
0,495
11015,1
0,492
11015,3
0,491
11011,1
0,489
0,488
11011,3
0,487
0,395
0,485
0,483
10988,1
0,482
10988,3
10958,3
0,306
10949,1
10949,3
10943,1
10943,3
0,508
10933,1
10933,3
10920,1
10920,3
10916,3
11045,1
11045,3
0,406
11018,1
11018,3
0,399
10932,1
10932,3
0,506
11038,3
0,403
0,400
10993,1
10993,3
0,416
0,391
10921,1
10921,3
0,501
0,9
0,375
0,277
0,472
0,276
0,466
0,275
0,470
0,274
0,481
0,273
0,342
0,272
0,463
0,271
0,465
0,270
0,367
0,269
0,480
0,268
0,340
0,267
0,460
0,266
0,357
0,265
0,353
0,264
0,479
0,263
0,427
0,262
0,338
0,261
0,436
0,260
0,461
0,259
0,336
0,258
0,421
0,257
0,449
0,256
0,478
0,255
0,356
0,254
0,394
0,253
0,351
0,252
0,327
0,251
0,348
0,250
0,459
0,249
0,462
0,248
0,390
0,247
0,376
0,246
0,331
0,245
0,490
0,244
0,409
0,242
0,359
0,241
0,452
0,240
0,408
0,239
0,349
0,238
0,339
0,237
0,407
0,236
0,361
0,235
0,388
0,234
0,419
0,233
0,344
0,232
0,393
0,231
0,510
0,230
0,364
0,229
0,418
0,228
0,366
0,227
0,321
0,226
0,425
0,225
0,378
0,224
0,474
0,223
0,347
0,222
0,325
0,221
0,334
0,220
0,385
0,219
0,457
0,218
0,329
0,217
0,345
0,216
0,352
0,215
0,383
0,214
0,213
0,384
0,212
0,469
0,211
0,456
0,210
0,458
0,209
0,509
0,208
0,337
0,207
0,373
0,206
0,343
0,205
0,396
0,204
0,414
0,203
0,381
0,202
0,455
0,201
0,468
0,200
0,467
0,199
0,500
0,198
0,368
0,197
0,454
0,196
0,424
0,195
0,374
0,194
0,477
0,193
0,432
0,192
0,324
0,63
0,431
0,62
0,315
0,61
0,507
0,60
0,380
0,59
0,379
0,58
0,464
0,57
0,56
0,370
0,55
0,54
0,402
0,53
0,341
0,52
0,476
0,51
0,365
0,50
0,471
0,49
0,326
0,48
0,401
0,47
0,448
0,46
0,335
0,45
0,355
0,6
0,5
0,1
0,316
0,11
0,4
0,2
0,3
0,7
